24986220476132
68241849033208
80109220075143
45605031323154
16572121526758
65400050410243
39987933965311
65937548138902
80270846525746
16512545936757
30140447124387
23601140615553
39335535258902
67603040995470
60761348166569
80125943700865
80156538562490
40382023747901
36611243854722
17452223631255
36700634609307
24333133858263
42763836218273
10944420757441
30109520196598
36691122893608
42507040296807
18264644108471
17458530937097
60752548772889
80193523432604
24101929057905
41240143429611
41645534390936
64151149590322
42347225622577
35660547555492
66523340446155
44614441793441
61292037574307
46150538159212
66384523853913
69217724681740
39968631258721
10209740055654
67685629192883
43159046984340
34751331585359
14089036705120
34684729093467
42982024397556
42244228793252
60767148490835
66511729398430
63617027186700
39790134347578
36826442814679
45331423996209
80162921221301
14070031132677
16399132668334
30601031670913
45215141587751
63357940650659
12105949191477
60740244078114
36936128958662
14018627369694
16414234544550
40333134046520
16352343760419
43129836535335
18763830823391
43105239847275
30303040254008
65866847088765
17129827937099
66454043252289
15273434242298
24921630224560
41261624638063
15051321325497
80140248391822
16308835547013
24100749448566
17542326410373
14076044802736
61209433303592
30130744625991
41641631143208
18837644900088
30165134360503
67860522364869
67173933858767
15211346521568
45233134952461
63695525600720
67128049887996
36901438342623
14282236467922
44687222800973
39934538474182
80107348755251
21513622955250
61852741228554
62447549317105
80130330670591
61284133645296
61220039454198
80298844592560
41240329780574
36844141988323
14155232299579
21585626219416
44259321640066
19734824503598
42238045800101
17234830444301
90126923143983
35361244139038
14053236792075
67888145887541
30620438327138
80120750445695
14063437178790
15746728423777
62292343776302
66226722209132
44306522546779
42321437101679
36900332536732
15206749571616
29651024175011
39635137112641
34681725809931
62639342832071
65272622665166
44559024631362
21403122357626
43378029321228
23817838526463
44290023547499
34739828720353
43134131219811
21404043992484
45744221353561
61220733737351
42780244295511
61331343642260
16461029704750
18133847811573
30168122031300
68400423198706
69257928956107
61254736706700
39050539798383
35285832121871
66202228257075
80205332810570
36332134420139
24932243244388
30174643613086
62437932062217
61202242889486
29617128493284
21401631702159
40324921458978
35721021217043
43130444738773
64680050860243
30005850800696
17199940958189
64949621883334
23689938954725
42296231656703
62331045505114
39319339938147
99450147757482
42760347996041
66851041918788
80144844759932
63098833918691
40448446613411
42800021234677
80295433579681
65809946958195
80297844195474
39700344562234
44619145479257
62347147174172
62340121007596
36870243139332
39390526930274
40341225393736
63243945959678
17056030597973
14571723778178
39142046665798
69267727850858
35793322985945
24325644103284
18396535563547
41004033246500
45301934719253
44607830801643
14003034997646
35208927990626
17186649150570
34647221224227
66398040956460
29653422124882
16476228648002
66683246199897
38613222686667
99200248257080
65969628478646
80137039487666
80278547169870
41634020630922
42754046466462
62744031454394
17001025174769
40407648702866
24361225091113
39119320932518
14158026122978
80155030364663
17138121840868
18402148940306
45328224903413
42403742244101
10909742021229
42201539674199
39638637777372
44005248771037
34646545097807
19090029637057
80174823377062
45254839520458
35212132998735
42298536111765
45338826782811
35328648879366
16942639846196
63286832237060
43115649331974
62619534838050
80089524378242
67552142925703
66453347562186
65245346746923
16120721638984
17095338913443
30350932222973
36152628341081
80167220478876
21654032007648
63231530070976
60650842128909
35613340602276
67636238475959
40004925054269
80080128842658
45299228124572
63286138010305
15600740218868
43325223558295
80105327297990
42771637903823
35377224661598
65915523732680
63005822205007
30381446895803
80080444845722
60692133030959
16512528124959
64000731973268
14015521610501
67614525037776
42303827039502
39713633781209
67348421191026
64638549128251
80099548404025
65870143189774
67823830203251
66304436409342
39315123702369
24267026760091
35382142865850
16524536494801
45238133247099
11953036549165
64617141825652
19089050712840
45703227478104
61752950026340
66510223060324
44625320897792
11173938840256
42552332064114
24962720438580
42762246244162
44616048712160
42031031887441
23832224416265
64401346726575
29751539738791
80196749941233
17163236474530
66804227965977
46146542200637
14089350490061
80161424015578
42906027695501
34637627038672
39681528592158
39694535933074
45388929896212
17137533488644
61309050596176
34621434515921
24351435747559
14227232823273
67802642585014
16454831121549
40444823707582
24222636540525
17095736186364
42252040042557
43089929146803
18414441894286
39377029654968
66851640137702
68752829309799
60725123836351
42264447166545
42551124292599
43381829248039
18163340039105
80280234633366
30174034799016
14302639110468
34638848706777
39111035290457
30747539861627
42207138571006
67819024547201
41003832109610
17137720471305
62381538383279
63694733789128
16399321732211
35208023503423
11532622034744
67895436466965
24304725164000
45010448388700
60761133939972
61228643490175
30723337541121
45705846932616
34622350024559
30718630397124
30605340978524
18719022784285
14155528580244
65522042992527
90120529835532
30253329725135
16926229008249
42344142962397
34626743301074
64152121610977
20085650032179
41222636063984
65235631834848
44237634075225
40094142927088
15718649376548
14515330060912
61702027997455
15248436063936
39990127250254
14294123783664
43121048486801
80200748642401
61785544587491
62601145922624
43340525973058
66001028551648
30552821194624
80232933449373
39052923932816
40423425886697
18500735060311
14126127262749
60382721580415
40376440871905
24307232473603
36630443437283
16269120713097
39001442364400
61451434991104
67809449595321
40462139892167
36370230099507
45655836948267
42352234142534
62447746446004
66831827919093
15794030577312
18200523880335
66405033973127
60136143769497
62610432774068
66404043717370
80139450052683
30198126740557
39762429879873
42295239280590
44615041221068
60762826614053
67891538898086
40003225853718
30902428928458
46287226447464
14049932289186
34757044811013
18231932626757
34707850765765
36310033089534
18712129935918
39792047648957
16425036180983
66632950537006
68921050036716
46271133521805
67873329983454
60110742993552
42962848683042
42266939894127
63258325652889
20083829679675
39386437997765
62824427086740
35005342618384
80094847644158
24307434994555
35708541495137
44307043173123
11716832482568
30939236937716
34785723116807
45744342803532
14207425901025
41650434731406
39616530868038
13034820588091
35403949780488
42093945504814
42340645849166
16223636302794
60002623615267
62336620997322
24912336145396
80138939295603
39767626267089
67668526341820
42374126795383
64001831363676
14154122664558
80189520008973
39927423548914
45266723096321
35399945382095
16136548735188
42206133834000
62365841123999
43342844909824
46157128835297
63334033600012
60382732933149
64916441909643
90122337424427
43126144174171
65941045403678
24305343548289
42225522453592
30375246850940
30917147031426
60733023118408
19223938814701
30251022620863
16389922781251
46280946477254
65850325911041
40317444404058
30920021929191
45604247539311
30907023736187
64172630093764
35421343885356
67406243518145
23601434540769
16806428943582
62351526944805
29822527547791
14300322762062
39179646663893
69290050423093
17169231862044
62838637571613
64454520003214
46099627040171
15533426213119
62375048696677
45722149512703
60302840881446
68055547572002
43104750120072
67866130486092
44694347992780
44698144250562
65974150473809
30711233791597
66814150733857
16136332236037
42403028355637
39734050150966
44559046976533
30324646248192
62615839879569
36802831808696
10937731736205
65902122130214
65853330142127
80120421711555
18453639280692
69252231525569
46004138792099
42759545595460
15274242885943
35401928454962
39314024227070
62817747872070
65270045718476
24267331532147
30315521161286
40400740692226
17221939514615
30253835748314
61260645809838
16135026719122
30975450257490
24212133219291
65828523892943
62343947361231
39906026046881
67599729913753
67663128986684
13034937523671
64198333164259
67645450078145
30643347172187
69491023624404
29846041393320
66301232734487
65228930617946
67640350832354
35420529020475
40384338176346
66622548665303
40312346964457
80080535710014
44667532345562
67898046906661
24322038635314
65096142761319
36879138115567
62639440077091
21534025449535
30141732865442
44637736630924
16217131349736
67182634039894
30722625980277
39397829591393
60226041344435
17504120507031
38633346686923
36470050494510
66297150222673
62292921527906
42265832568753
30365450113238
30913549407234
39396845929999
68102624193732
62722333048718
63295121895607
36821336825304
35571026588163
14589533559313
67880326241777
14180223771383
45269346854477
46170741248152
65415136807633
35349535558973
39140043909778
18055131584362
34754220555488
45683425061097
63345428648021
65576137815703
61828245333865
42714135566107
15797149665123
16052824165176
64171221969020
30000120932084
68263633675562
64919230973962
14132727019850
63676729882389
39956626985424
36932420000818
16427921353137
10200721874028
40433233137164
11193440267228
29631021633813
44648143816689
14262036445627
46052049051538
46153730683424
36832241684399
36845845343470
80154020357661
65053736657304
45051323259036
67170022704332
39743736673408
15707321936460
35662828832308
69454145919063
80081641575023
62306122782580
41356223395803
65883543340300
67582839253598
80102126251901
39925232259816
34779742651265
64104740501839
61311226713263
18754644374247
43378844219045
41375431691514
16290026844363
42293139235047
34687434544774
80197428594436
61761150155057
15735034595568
36302623966301
40448629797501
16140631955827
44602837989424
17444044056072
66204238370003
63645123367631
46051348659087
41231346240530
67924133699762
36836340009374
66346746625418
67342625196993
18880440121096
68743239597142
36800942575544
80128926268406
17107135468252
60000532285786
67202540245414
18881947286936
30901242840908
41290350240288
62895026817424
60380922764719
16804347623042
18763546842549
60721028534149
34674445613261
80285831953275
65961032877787
18652340298600
63405922803644
80122432406871
67346923702658
18229434488430
39372746755783
30620532507078
39926625902203
39123434288812
40404636992995
19080823059919
67307342104492
45739634492853
60319742431006
41294239518161
18262020855582
10914442836356
61871243678506
41612929641294
61219033760763
62603424016376
16700330084015
63053243846866
45629339225590
14511647956344
43330620338142
62833444105624
60647427997852
36121621142865
60780536107061
45259550789634
66622422667188
36843725064712
62292921290558
66674524742140
40381826768458
61747439144349
39921430841594
64197150248517
42799620909669
65400737616418
64194322932533
64195940312592
35916050379767
67682325423976
60642236621004
45271748446167
65906537873889
42699921270331
42794048601362
45733549305192
30178239090367
66232238928634
63216537402937
62382734167298
45409226857338
65832239305420
35689520756411
16122950421382
39780631078938
39934942860182
10521542878751
61296139881400
66510247685718
65244850842671
66521335844238
15051529537289
65808132181775
42240734061519
67656336003649
23854345419031
34640646215771
16803122636123
30148349706571
35309041210697
67183128117487
35781833002596
43314540545132
66251134789200
18670231763693
45315442103367
39376120364288
45370925128329
15265148485962
80109439936426
61781344733137
34403447731587
44267048194359
42223029003623
14114640529609
44256933024413
36874040325288
62624045768444
42933745793936
42918528857357
62201532836468
39703643869776
61836241029088
62719847069810
69282828340961
61357640558851
16901125282542
44504633547276
34676929791571
80169838814534
18866825987051
16569533072010
44692634922434
39713141765395
30104144560688
44687645531768
61717720017324
18846223231260
66823240390511
64723222272243
69210121286129
40318648769868
45202040169607
30670649980950
39754941301628
60636720435369
36330227106946
80154738765345
39256249424165
40312447358971
44628148160413
63344338319076
16304845337590
44524624256611
63361343012617
42543639290962
35899027121289
15555426318069
41213740369468
67683023741416
34614424244499
66941724311682
41253534173017
35403746844321
44227744725141
60725743563248
45331729235552
35711827891097
64610848725423
61099449987592
44672222010149
62619521416681
63274836500075
41262228091001
62603334116784
39989238996588
14322031905769
60667023303352
16096028715720
29501321962305
69217143801545
42354439630632
42603431091065
16358034206631
63220250982478
41652045862210
42050033231748
39357320233338
17167435612984
42224722266629
66345829507764
44649142258098
68409331294876
24230425178590
40013745994754
14354036762689
29503539272085
30990445937942
36915445527218
43128122584477
63690236653744
45245935201136
14515530545530
18500329050971
41213526638115
42792227965755
39795034121136
39645327614220
66267235836408
16517944826166
42957332923520
35322038501387
24361123498236
80128242012226
42470031739914
39177627814555
80261021131142
62736447635955
16476625956373
36086234514921
35362124831059
62619426061474
66522029643489
35345849906202
61725838324098
30927421818407
34672348798511
42322544090788
80230238094847
30977243790719
39623332947656
30188541545578
46281336709887
41334534161645
44614040855878
65208238108582
60228424390107
17114347151582
61325724148526
24361729195607
24802242883713
35260728043987
69396128707970
38624739426226
80297548777938
61228623529741
67426020737743
34663746058062
15525050862276
46274928868161
39711630095640
44214434297491
23822540792921
67675440169195
24282429688995
61357333770911
46188332994876
61411222040667
18270220866116
34612524359129
63011134208025
42924143671759
63006626188688
66395329620135
14047449661686
35405426024764
62833528829217
39958422262310
66330546354760
39002638823985
39171250961761
39674235315769
24303621127423
35735642081280
61704623230288
64657241906264
66536224970301
16131750827270
30002247889944
44286545423496
36865248620527
60389244187923
14330026330397
42501124991985
99101439658382
45242647577955
30342850645996
62415833359124
65842233337129
61339133626155
66636546868826
65281031132756
36853424151682
80181137715749
46050142382245
42284528026841
17000840515382
39181434356306
14083035997999
18215039130690
36002449269470
60634520600918
35946335753937
39921136167288
45368948926183
14051340353557
30909226607943
43357025763812
39630233158050
43393130895321
63234042667436
18265035044361
12962623105379
15217443278787
66674345972733
80139643152473
35502424925298
39762631392412
35737532897797
46284050531857
30982148035766
35435526862836
42355832446059
66002250098253
18841626978347
39193038396480
61723148925318
