1 61725086119743
2 17115080248096
3 18283234776210
4 63616074714720
5 45741024528363
6 42380464742712
7 14225357898961
8 36930260945320
9 64615232009417
10 14100430099957
11 30976145974104
12 60310876910757
13 39337718580336
14 40372374227207
15 34613866376270
16 39408783007063
17 14591086658825
18 40347098776072
19 39905210557356
20 39754933660054
21 67837004215346
22 43185190429932
23 14095225699897
24 40317721580796
25 60617732849566
26 60197593601492
27 43138690277756
28 45364725908564
29 61725889595683
30 64191357746852
31 80173421940005
32 64694546713074
33 17252198051276
34 80113169132768
35 42779297119349
36 42331056538886
37 14134413498208
38 30976235281822
39 18252445297579
40 66325348336441
41 99051879209104
42 14105785438628
43 39334976939128
44 64147457957186
45 45374551731892
46 14081214626883
47 16106308799460
48 62853275117849
49 41622135626947
50 66362778061598
51 62718355893115
52 65956531360595
53 66676584656177
54 45715384645053
55 65270814641219
56 14212140372609
57 62003972033458
58 67300961270715
59 30784188065631
60 16127038190648
61 15797140345581
62 39962297231357
63 45095872150222
64 80272292491583
65 18211513529363
66 17004161769448
67 42236084922679
68 66549298569371
69 24283739243096
70 68292573363789
71 41203379766158
72 45301737939506
73 62331154111244
74 62300066861677
75 34695838297998
76 16303297944387
77 45315089551767
78 66407342555568
79 60746747118142
80 35224138930725
81 29810038606410
82 67838577923911
83 41601304649765
84 18412004747246
85 11174632063453
86 35320810719388
87 80133599149853
88 11193007509266
89 40460468887526
90 35688528879740
91 63276152872164
92 64401293397590
93 30714158801099
94 35750266589691
95 80285756781113
96 35321044857419
97 60175824928099
98 42774910207502
99 43378484673450
