108803
125252
121552
121170
125252
115230
123308
125252
125252
108818
119618
119296
117623
111402
125167
105173
109147
109147
127572
119435
125493
125252
125252
125315
111024
123182
125167
115280
115280
115280
115280
125438
117593
123098
117437
117513
121096
117292
117133
117186
117133
117556
117216
119334
119334
125319
117647
117420
127276
123098
123182
127495
127434
129626
119334
121552
115419
117393
117420
119333
119234
107078
117041
119333
127495
119234
127204
117630
117534
127550
115280
125167
105066
125047
125047
109004
129272
111396
121374
117624
108830
125481
115408
107258
107392
121309
125315
125315
125315
111538
129343
105122
107045
123100
107564
119334
121248
105120
105120
109544
111033
127521
127521
123100
111524
119333
119049
105005
109044
119019
119019
119019
129075
109004
109382
108818
101000
115432
121357
108830
127253
101000
119435
117485
115280
115280
119435
115280
109044
123001
115432
127206
129090
107076
127204
119019
107045
125363
125167
125319
119027
107014
119049
119049
121087
129128
119027
127253
107241
115516
105082
129090
125315
125315
125315
125315
115035
101000
129110
129110
107023
105062
107014
121596
119334
123242
119034
107078
109202
109388
109235
105005
127220
127220
127220
125284
125284
125284
119049
105062
109316
121353
117623
117623
127543
107564
107564
107564
107564
107241
127253
125367
121059
129343
129343
109240
109240
119072
119072
125252
115612
127474
127247
127566
109544
125599
109012
123001
105318
101000
108828
107564
107564
107564
107076
107014
123104
109012
117624
117624
107014
109029
119021
121351
109029
115612
119072
119072
129110
115487
105187
125284
105187
115563
121069
111020
119234
119619
108811
121059
121059
127055
129090
129323
129323
125284
125284
107078
125373
115280
115280
121170
105005
119180
109202
109202
109147
117148
125080
125009
121059
121059
123007
129128
129128
117403
127220
105118
119121
125599
125599
119034
115516
127015
107076
107076
107076
127055
127434
125445
129515
115054
109012
109240
115280
107031
115201
115201
108803
121096
121500
125476
109012
109125
109125
129090
109240
121357
108818
129223
109029
119501
109544
105318
125080
127591
107143
121357
129329
125080
129272
105187
111674
127238
129344
125008
125635
127006
125047
115516
107014
127521
111622
109012
109456
109456
119027
125167
105425
125480
129226
117574
127081
119192
119027
117042
125362
125362
108818
119027
119027
119027
119027
119027
119027
119027
119027
117452
125362
129110
127253
119415
115569
125009
121069
125438
125171
125171
125171
125171
125171
127253
109462
109462
109125
123242
127473
127473
109029
127572
125424
123060
123060
125222
111033
105005
119019
119620
105318
105187
111674
111674
119334
119285
107031
117630
109044
125466
121433
109012
115280
115068
119602
119121
119121
125367
125080
127422
119034
119019
123001
127206
129090
115533
127566
109386
109240
123100
127018
127018
121353
109428
109428
127015
127287
125367
105082
107140
119334
117623
125009
107140
127422
123098
115191
125171
107076
105275
105005
107014
141411
121471
115172
127495
125222
121170
123098
123007
123154
123007
108818
125167
117465
111024
121108
121471
105120
119618
119618
105037
105173
119002
107258
107150
129110
125009
123100
129090
125009
125009
121596
119019
129085
119017
125315
109380
107045
107045
111250
119180
119180
119180
105094
105094
115172
115172
115172
115172
127254
127254
127254
121596
127055
117623
117623
117623
111672
115563
117042
105094
111250
105005
127106
107564
107564
109518
109518
123001
109651
121354
121471
127253
129090
123557
123557
123056
123056
115597
108818
101000
121352
107140
107045
115419
119027
115114
115093
115191
117623
119618
119618
119618
119618
119618
119618
119021
127018
111020
125167
125167
125167
111402
119121
121099
101000
125009
127486
127486
127473
115477
105005
105064
121170
109383
125635
109382
115114
115114
115114
115114
115114
115114
119027
119311
129336
117623
117623
119027
109044
111675
124365
107031
109004
127254
127254
105066
119049
119049
119049
119049
119048
119590
119571
129226
107078
125362
127411
127204
127006
115569
119618
115404
109651
115419
115419
115419
115419
129594
121354
121471
121471
121248
121059
117545
117535
127253
127081
127473
127473
125364
121151
129626
109004
109004
119330
123242
127591
127276
127276
125080
115088
115088
115404
129337
121165
109028
129090
115191
111024
115522
115522
109387
121059
107014
129347
109382
109382
119334
109387
129110
129110
108818
121500
121500
121351
105187
119435
115583
105005
125009
105066
105066
115304
123290
123001
119034
119048
107014
117623
117623
117623
117623
117623
117623
117623
141411
115114
111402
129090
107061
119049
121108
115470
105062
109153
109153
107023
107023
107023
101000
141700
127495
107061
119027
117152
117152
115477
121357
108824
111622
105173
121596
109428
127282
109472
127591
125047
125362
117623
125466
117148
115054
115054
115054
115054
119034
119034
119034
111674
121609
107076
121433
123022
123022
123022
127220
109443
107392
123022
123022
119121
105064
109240
125222
115280
101000
101000
111625
107392
117628
119019
119019
125284
105094
111033
111033
111033
111033
111033
127253
129164
119021
119021
119021
125167
125167
117292
111024
127434
127434
107150
125367
119017
129329
129329
125167
107258
109316
109316
125412
119027
109004
129345
105037
107023
105187
105187
105187
105187
105187
117624
127411
109651
115280
101000
127411
127238
119334
129110
117463
127410
121357
109428
109428
109428
127055
109428
109428
119027
111020
117292
127299
105082
105082
105082
123298
107143
123181
129344
121467
105037
111024
111024
111024
111024
111024
111024
111024
115035
115035
115035
115035
129128
117041
119049
109428
109428
109028
119017
119180
127566
121099
107078
125009
129075
109029
109029
109029
109029
129090
119002
119049
115432
142704
108841
108841
108814
108814
108818
108828
143271
143271
127253
121099
115172
125009
111625
107065
119334
115280
108830
129110
109429
109429
109429
109429
109429
109429
109649
123242
117463
109202
109202
109202
109202
109202
109202
111398
127055
127051
127006
127051
119619
119619
117449
119027
115404
111625
109316
115201
127427
108818
121059
119027
108811
108811
108809
108809
108809
108808
108811
125080
109382
117534
117405
105118
105118
107031
107031
107031
107031
125009
125009
125009
125009
109074
123557
125414
121374
115612
111020
119618
111020
107061
115114
115114
115114
115114
115114
115114
115114
115193
115193
115280
115193
123001
125009
121357
107078
125319
117216
127083
119361
115516
119234
115522
127051
127051
107076
107076
107045
115142
115142
115487
109316
101000
119019
129329
127106
115035
109004
109444
121099
107140
107140
123056
123056
129515
105005
115162
109428
125167
123242
123242
123242
127560
119048
125239
125315
129090
129090
125009
115142
111141
127543
119034
119049
127486
111538
111625
108809
125167
129301
127006
123100
105120
105120
127549
127422
107045
109240
109240
115172
115172
115172
109386
115201
115201
115201
115201
121351
125319
115409
115409
125080
127051
123056
123056
111675
111675
111675
129337
107078
123317
123317
123317
123317
123182
123182
123182
109559
129347
111033
111033
111250
111250
111250
125599
123022
107140
107140
107140
107140
107140
107140
107140
107140
107140
107140
107140
107140
107140
115172
115172
107589
107174
119019
101000
109012
109559
119019
129110
115172
109147
109044
119002
101000
119002
117638
117556
119034
109044
109044
109044
109044
109044
109044
121552
121552
119049
119021
119034
119049
119049
111020
111020
119021
109387
123242
123242
107564
109383
109472
109472
129626
121170
121351
105568
105568
107065
125466
109387
105064
119034
109235
109235
109235
109235
109235
109235
109235
109235
111402
111398
108830
121354
121165
121170
129626
111674
109044
129090
119017
127018
119619
119619
119619
119619
119619
119619
119619
129323
125466
107564
111116
115280
117588
119234
119019
127253
125080
119034
111024
119019
111625
119234
129327
115280
129226
129226
125009
107078
107392
121351
125047
125047
107140
107140
107140
115114
109387
109387
105005
105005
105005
105187
117624
125315
127238
127238
109387
111674
115280
115516
127550
119027
123317
125438
125438
125438
125438
125438
125183
127051
115432
127238
111020
119034
129347
107014
115035
101000
101000
101000
119027
109652
119270
119048
125057
119619
119619
119634
107045
107564
111675
109428
107113
107014
107014
107014
107014
101000
123458
123458
123458
111625
109240
119435
115280
111674
117292
109153
109153
109153
109153
119049
119049
105062
105062
107014
125581
119334
119034
111524
127495
119501
119590
129626
119590
111524
111524
129626
129626
111531
109507
109145
105523
105484
105523
109145
109145
109145
109429
109429
109429
109429
109649
115612
109145
109145
115597
115597
109145
109145
109145
109145
109145
109145
117403
117403
117403
117405
117405
109145
117628
109145
109145
109145
109145
117465
108820
117465
117133
109145
109145
121471
121471
121471
109145
109145
121351
109145
109145
109145
109145
121500
123458
123592
125464
125373
109145
109145
125466
109145
125599
125599
109145
127644
127644
127253
127253
127253
127543
109145
109507
109145
129336
129336
129336
129347
129345
111024
123290
123007
123007
123007
123290
123290
123007
105568
107023
121108
108809
107014
105062
115304
108828
123098
129128
107113
107564
107150
107143
105118
105118
125171
107564
129346
123001
125009
119019
119034
123007
111674
119361
109382
109147
109147
119049
101000
117485
109004
109044
123308
109559
123060
123458
115569
109559
123060
123298
123060
123098
109156
123458
123060
117148
121351
123060
123007
121359
125599
109462
125167
115478
129594
127521
129594
127521
127521
127521
127521
129594
129594
129594
129594
129594
129594
129594
127521
127521
127521
127083
115280
111524
119618
107076
117418
115088
125466
105062
109428
111675
121069
115304
107023
117546
141411
109544
109544
117623
117623
127543
105120
119234
121069
127204
129090
109457
119618
125362
121087
121087
119590
119027
121059
121170
121170
115516
117623
117623
125315
125315
125315
111524
127495
127495
127495
129337
107113
127322
125167
107564
101000
127055
127055
111020
129346
117624
127083
127083
125430
125368
107113
125047
125047
125047
117574
119415
125167
109029
115419
115419
115419
115419
115419
115419
115191
111625
115547
115547
127204
119602
127083
127083
119002
119002
121165
121059
121151
121467
119296
119034
121069
115054
115054
115054
115054
115054
115054
107497
109147
109153
125167
119618
105187
107140
121096
127486
119285
119027
105120
111402
123290
125310
125310
111621
115432
117624
129626
129626
129626
129626
121500
121500
121500
121500
121500
121500
123592
121601
107564
107564
101000
107078
127253
115432
115533
115487
117186
117105
105082
111020
129343
129346
129345
129110
107564
119619
115172
117042
125167
127006
119027
105120
105120
127006
119361
115211
117246
119019
108810
121170
111674
111674
125363
127434
119121
119121
119121
125373
119021
109147
127238
127015
125040
109012
121069
125009
119019
125009
123100
129626
129626
119296
125080
111673
107143
123022
109028
109028
119002
119002
119002
121099
121099
109004
109004
109012
125367
127495
127473
117403
117405
119602
119602
115191
123103
121099
129626
117624
108818
108818
108818
127006
117105
117105
127495
127495
119435
119435
119435
127015
105005
109029
119121
119034
115184
115184
109377
109377
125466
127055
127055
119270
121500
119619
125008
129075
117624
129075
129075
129075
129075
115088
119633
121099
125171
125171
125130
125130
125130
125130
125239
125239
125363
117041
123557
143082
109544
121500
121500
121500
109153
109147
107497
127055
115172
115172
115172
127055
127018
141411
111394
127018
127018
125310
125464
115432
111621
121601
123308
109052
115569
117463
119619
119619
119619
119619
119619
119619
119619
119619
119619
117209
117209
107061
107140
107140
107140
121069
129346
111672
121500
108818
119021
129345
105064
119034
119034
119034
115035
115184
101000
123458
117574
115184
119361
125476
155599
124681
125599
107140
127018
107014
107014
107014
107014
119602
127273
129281
119021
129085
105066
105066
105066
105066
111622
119017
115184
115184
111621
109202
115573
129110
129110
117623
115280
129515
129515
129515
129515
129515
129515
129345
107014
107014
125057
127273
127273
108818
107014
103265
141411
119618
119361
119361
119361
119361
119361
119361
115114
115114
115114
115114
115280
117623
115093
115093
115093
115093
117623
117623
117623
117623
125438
123104
123104
119618
127055
107061
107045
129110
129110
125080
121099
119261
117624
109456
119619
125430
105037
105203
105203
105037
105043
105043
105043
115408
115093
125364
123103
127550
123001
123001
117463
127221
109028
115404
127055
125222
125222
125222
105187
105484
105082
105082
115280
129110
129110
129110
129110
111141
111141
111141
111141
111024
109202
127055
107113
107113
127490
109004
125252
125057
125252
125252
109383
121471
121471
121471
115280
115193
101000
127006
127051
127051
107031
127083
109028
111675
123182
123182
123182
107045
121108
125167
119027
127006
121433
115054
115054
119435
119435
117042
121151
105005
127560
119027
119002
119121
121170
119017
107150
107150
107150
107150
107150
107150
123317
109240
109028
109028
125362
109651
115093
115093
105062
127543
109052
109052
119034
121170
111674
117545
101000
119602
117623
117623
107014
107014
107014
125080
125367
125284
111394
101000
121433
121351
105120
105120
105120
119180
109180
119180
127282
119034
127410
125599
107014
129223
129223
107014
119619
127055
105005
107045
101000
107076
121059
105082
117216
125445
129515
123242
123242
107076
123112
123242
119034
119019
119034
119361
125445
119361
119633
123290
127055
107258
107258
129223
129223
119361
125599
109316
117623
109548
119361
109383
127474
109235
115432
109548
109548
115432
109235
109548
109235
109548
115432
109383
127591
125130
117623
109548
125599
111555
123376
111123
111024
121087
109145
129329
107045
129090
121099
115516
129347
111024
119618
129075
105037
105037
105037
105120
121099
127253
107553
119021
119285
127410
125635
105064
125627
127006
127006
107045
127006
119334
127006
119017
119285
127006
127486
109428
115184
109544
109544
105082
119027
115404
115404
115404
115404
115404
115404
115404
115404
125171
125171
125171
105005
109240
109240
129344
121151
105066
127220
119607
119607
125040
123060
111402
119027
117628
115035
115035
115035
127051
121374
109012
121151
119027
119027
115516
111539
109548
121069
121069
129272
129626
129626
127566
115280
127474
123098
109147
109544
109052
109052
125466
115280
111674
123007
111625
117593
125009
121108
125222
125222
125222
119021
117535
117535
119121
129110
119121
119121
119121
129128
107014
129347
115191
115191
115419
115191
115191
115191
121609
143084
143082
143082
105082
105082
107014
129327
111675
119121
119602
115184
107076
129323
127254
107113
107113
107113
107113
107045
109012
109240
115404
108824
107078
107078
119435
119435
119048
125080
127015
127018
127015
115487
127006
115035
115035
115035
115035
115569
105064
125252
115191
115191
109507
109507
129110
129110
125315
111033
117198
129090
127473
127473
127473
127473
127473
117321
107031
111558
109125
109125
108827
121374
107065
101000
119192
108851
125476
129323
127566
119027
111675
115409
127253
115516
117452
127204
127204
127204
127204
127204
127204
127204
127204
127204
127495
127224
117624
117042
129128
129128
129323
127473
107045
129226
129226
105094
127473
119415
107023
105094
105094
125413
119072
119334
129226
107045
107045
105120
109028
109028
119002
129337
125080
119121
115184
115184
115093
125167
119136
119136
119136
119034
109029
129343
109004
115280
109428
117638
117623
111020
111020
125284
125040
121069
121069
127018
121353
107078
109029
129110
119634
115409
109443
121352
127253
129110
111033
109052
121099
121099
121099
121099
121099
111395
129323
125239
119034
105118
105275
125466
107014
107014
107014
107014
107014
107113
107113
107113
107014
115516
125413
125413
119620
105484
125466
117593
101000
109240
109444
109444
109052
109316
109044
111674
111396
105082
105066
105082
101000
101000
119049
119049
119002
129090
125315
123104
119027
115404
109386
101000
101000
107045
109004
127276
103132
127051
129626
117452
117628
119019
117042
115191
115191
117630
115201
105005
125239
117624
121500
127495
127521
121352
117623
117623
119297
109012
125130
117545
101000
107113
107113
125464
109472
109428
115404
125167
109380
119192
121069
108830
111020
125424
107061
127018
127018
127018
127018
127018
123317
111033
123592
119311
109316
119530
107076
115054
115054
123100
117546
107023
107023
109382
115280
111673
125080
109444
105120
127106
127051
127051
127642
127055
127055
125363
125363
125424
105120
105120
105120
105120
105120
105120
105120
105120
105120
105120
123104
123104
109386
109147
107143
129336
129345
123458
115597
111033
111033
115516
121108
109156
115184
115280
111675
109444
129336
123458
125009
125047
125047
125047
125047
123104
125047
125047
125167
125009
109012
109263
109129
129329
123298
117133
111399
119618
109028
109004
105005
127550
119021
115516
117623
107023
119049
109387
127055
127055
127055
109147
127282
107014
107014
123056
123557
123056
123557
127572
115516
109004
107564
105066
121596
121596
119017
109472
117623
109012
123022
125476
125047
129272
121471
119002
129090
129090
129090
119602
115432
107045
125167
109147
119121
119121
119121
123001
115191
115191
115191
127474
108809
101000
123458
119034
121087
125424
125371
125371
125371
121357
107370
107370
115516
117321
115280
125222
127055
115088
115088
115088
105554
129085
121059
119590
119234
111024
129343
119048
119048
127006
107065
109240
109240
105275
111020
111020
111674
119048
127411
125430
125373
125047
109147
125080
115035
125239
129337
119634
117216
109507
117312
107023
125252
121309
121096
121096
119019
121433
121433
121601
125481
127322
105187
119333
111524
111524
109202
109202
109202
101000
119146
111396
101000
127204
127253
107392
107392
105318
117546
105173
119180
119180
129337
119034
109028
105120
121069
117420
115230
109542
125009
117036
129515
125635
123022
125252
129347
115191
105064
115211
107078
123103
123103
123103
123103
123007
123007
123007
127572
109052
109052
101000
109012
119034
127287
127287
127287
127287
127287
127287
125464
127051
127051
125363
105062
125430
123103
105082
129366
109559
125362
125599
109380
105062
108818
125047
111625
129336
105568
121552
109012
109012
107061
127282
117042
115035
123100
125319
127410
117648
119034
117036
109029
109052
105568
117042
105082
109202
119034
129327
127253
127253
119634
119619
119619
119619
119619
109472
129327
127206
115088
129366
109428
125009
125315
108811
109004
123290
123290
123290
127349
123007
111024
111024
125445
119048
127282
127253
107014
107014
107014
107014
125080
109544
121099
115054
109383
127253
119634
109548
117628
119027
121099
119192
107113
115162
129327
127473
127473
117623
119017
117042
115093
115093
115093
119620
123098
105425
115404
115404
111524
111123
107023
107014
119421
125167
111116
111116
109544
111024
111024
125319
119421
119421
129347
117042
115088
107078
117041
127083
125167
125466
111020
111020
117303
117303
129110
115598
119180
119180
119049
119180
105064
127273
117452
127018
127018
109456
127081
129128
107564
109028
109028
127411
127411
108818
108833
108808
121500
117623
105173
123308
127204
115598
109472
121353
121353
111123
121500
127253
117623
143026
119501
119618
142002
123423
111674
143026
143411
125481
127543
129323
143025
121609
123423
129085
111402
109383