1 30252763564779
2 64151016013002
3 80241342105613
4 67677747909430
5 80161027109982
6 62395655008353
7 16121004860355
8 39407328411727
9 24155078264749
10 21455199995519
11 45051456093655
12 24152146015074
13 14361111915292
14 62322127197758
15 36880396551497
16 39852056484152
17 80224674573626
18 30903546949312
19 15783038444553
20 61844553075093
21 68243247746388
22 61825812834781
23 45352170586875
24 64631828563877
25 42403152031623
26 60379325777789
27 62771450259839
28 40302106400053
29 68105886443106
30 34671620048065
31 63055664394678
32 24936236562187
33 42290473195086
34 16530505360309
35 30180277766399
36 34697362650472
37 24918765287793
38 80264501360296
39 30324885652846
40 39398192722579
41 24213467697131
42 65096391083754
43 41051487967141
44 80093850207477
45 29657501944266
46 99450525979677
47 39988687430951
48 44601866668465
49 30938448516317
50 17280579696505
51 14333250599701
52 18696624405999
53 35340483875826
54 64117343213522
55 35324091010480
56 39179782519522
57 66583688941594
58 68402866995045
59 43388224344018
60 45316866496046
61 99210105985081
62 44501908930638
63 15591682523193
64 35348713926928
65 15556632431485
66 66384029106197
67 67251508125200
68 67900261891487
69 61202954053353
70 67348494229088
71 42505029426263
72 43135811074434
73 42259272319789
74 61246352649213
75 66451336527691
76 44625516018158
77 62370434696754
78 16156579252311
79 29842027105493
80 65300802054777
81 30951132102177
82 16291948211558
83 42910028798295
84 44684296879939
85 42744229440383
86 42335407491718
87 80256932319011
88 40411033160333
89 15283113743712
90 40407519169266
91 39337789976841
92 42710016591118
93 44276048556887
94 35338012864564
95 15207113836137
96 65535145551694
97 67636786524943
98 61823670219726
99 41372191170949
