198323
194292
190000
197375
196240
192012
192177
195043
198218
198326
197341
197022
195030
198205
197229
190005
197341
197341
195043
191036
195043
197375
198205
190103
191144
199178
190005
198323
194292
192019
190000
197375
196240
192177
195043
198218
198326
197375
197022
198205
197229
190005
195043
197375
195043
197375
198205
199106
199106
199106
199106
199106
199106
199106
199106
199106
198323
190000
197375
196240
192012
192177
197110
195043
198218
198326
195030
190005
195043
197341
197375
198323
194292
190000
196240
192177
195043
198218
190005
195043
197229
198323
194292
196240
192177
195043
198218
195030
190005
195043
194292
196240
192177
198218
195043
190005
195043
196240
198218
190005
194292
196240
192177
190103
195043
194292
190103
198205
196210
198323
197101
197375
198096
192148
198216
192241
198328
198206
197110
198206
198206
190000
190000
190098
190098
190000
199155
190000
190000
195427
195427
194064
194100
195427
197183
194223
194223
198218
196158
199034
199034
197350
197183
199034
197341
194291
190121
191167
191167
195027
191023
194356
194356
197046
190000
195273
190000
192102
195043
198218
198205
197101
197022
195253
198326
190000
193168
195221
191023
191023
195176
197022
191186
194214
195009
195009
198095
191014
191028
190000
194356
194044
191167
197348
198218
193318
192281
192281
198095
198332
199155
198095
199155
191023
190000
196084
191014
194044
190013
197374
198205
197229
192174
192174
191014
191014
194044
195043
195298
198097
198184
193313
194356
194356
194356
194356
194356
197341
192019
192019
198095
199034
199034
199004
199034
197198
197198
195009
197229
195271
197110
190068
197022
195248
194021
197022
191187
197375
197110
191186
197101
191002
190068
197110
195213
195027
195027
191180
191124
191180
199155
195027
195043
190000
190031
198188
190013
199034
198218
196084
190020
190020
198261
196210
197350
195043
198096
195257
192177
197342
197110
193318
194356
192171
190000
195197
198188
199106
197375
195009
197198
195427
197110
190013
194064
196210
190000
194292
192177
195112
196210
191014
190000
198035
190000
190013
191119
190121
192102
194214
196210
191025
196210
191015
191015
194044
196084
198323
197229
194362
195067
199034
192102
198218
198218
190121
191119
199004
198218
198218
190000
191186
198218
198099
193313
198218
191023
194223
198218
191023
191036
198205
195043
194044
197229
197198
197022
197022
197110
199106
194017
198218
199226
196240
192241
198035
192289
197229
198218
194017
197110
194044
198261
197348
195271
198218
195220
195220
197110
198099
197229
192019
196084
190000
192019
197110
192019
195248
194021
191036
190000
197341
197374
190031
197229
197342
191023
197022
197110
194044
191036
192012
194100
195196
194214
197022
192102
198099
190000
195027
197022
198095
195299
199053
191186
192289
192289
195248
199155
196066
197110
190005
197375
190103
197375
199106
196084
191180
193318
198218
194100
197183
197101
196158
197110
197110
196210
198218
191025
199034
197198
198264
190013
194044
196210
194292
199178
194017
190121
198323
198326
191028
190005
195043
192102
198218
194356
190000
191186
195299
191024
194044
192174
199226
190005
198099
195067
197110
197110
198095
191023
194017
194356
197375
196084
194017
193318
190031
197110
198323
197375
198218
194156
194355
192174
198218
197229
194214
192283
192076
192102
198218
191023
190000
195112
196084
197022
197375
197375
192012
198323
195043
194017
197183
197375
191119
197198
194044
194064
194064
194064
197341
198205
197375
198096
192019
190000
198207
191023
198095
197374
197198
195067
192148
195279
198096
198095
197229
197198
190005
190005
195030
190013
199034
194021
191023
198218
197022
197348
196105
191186
197374
199155
199034
191186
195213
197101
190031
198099
198218
190121
191015
194017
199178
192007
195043
199106
190121
198184
194100
194100
194100
195043
192177
192177
194021
197183
198218
198218
195112
192289
197022
192102
199155
191060
198095
197110
197110
190000
192174
196084
193091
191144
195299
198323
198218
198095
191186
191023
190068
194044
190013
193318
199004
195221
197229
192019
195043
192102
191014
198260
192102
191186
196084
198323
190000
197229
191025
197110
198323
197229
197229
194017
194214
195027
198323
197229
198218
195009
197229
198218
198096
198218
196084
190000
197229
197229
197046
191119
198323
197110
197110
195027
191186
191186
198096
198097
195299
197110
196128
194356
199106
199106
191124
197341
190000
198332
197101
194044
195030
195030
198323
198218
198205
198207
191036
197342
197110
191124
190068
197198
198323
198205
198218
197229
198218
196084
195256
197110
197046
191187
197101
198207
198096
191186
197229
190000
190000
191023
195176
196247
199004
193232
197046
197046
190121
195030
194291
192171
195067
197229
192007
194223
191023
190068
198323
191187
195197
195197
191167
195248
191180
195030
197343
198218
191124
197136
197229
197229
197229
190000
191186
195009
197229
198218
198218
198326
198095
192076
195298
192076
192174
198323
195298
198218
195043
197022
191028
197022
190020
196084
194017
197198
197183
190000
197342
194214
198218
190000
197022
190000
194044
197110
190103
196084
196084
191023
198323
193312
197022
190121
197229
198326
195265
197341
197022
198218
190000
195176
197198
190121
194356
198206
199053
195027
198095
190068
198323
198323
198326
192288
197110
197375
197110
192289
192284
191186
197101
191002
194223
194356
190068
197046
191023
195112
195279
190013
195027
195112
195027
191180
198035
194044
191023
194156
198218
196105
191015
191023
198096
197341
197198
191186
197110
197371
195299
198206
196084
199106
190121
190121
197101
190121
198329
199155
192171
198218
192102
197375
197374
197022
198035
194356
194214
191123
192019
195043
199034
194044
198095
195271
191186
198218
190121
197101
195027
191014
198095
195009
191186
198095
198095
190000
199226
198218
197046
190013
198323
195027
198218
198326
198095
195298
197198
192289
197110
197110
198302
199106
191023
191023
196066
196084
196105
191186
191186
194021
197110
192012
195299
195299
191023
197229
197198
191024
197198
194214
190121
198096
198205
195298
198205
194356
190020
190020
193315
198035
192148
193230
194156
198218
199178
193318
197198
192102
197373
197345
198218
190068
194356
190068
191167
194044
198218
195298
195298
190000
196084
197375
198206
196084
197375
197110
194100
195248
198097
197375
198323
196084
194156
197375
192029
192012
190031
192029
195248
198218
198097
191015
199155
191014
195043
190013
194214
197343
194356
195043
194044
194356
191124
191036
191187
194356
195298
197183
199406
191023
191119
198329
195030
197110
198095
191015
197341
191119
194356
192174
194100
197341
198218
190000
199406
190121
190000
197046
198218
197046
194356
194356
197375
192029
190121
195112
191011
194156
191036
197229
198326
198323
198218
191028
197110
190020
195248
194356
197110
197046
197046
194356
197110
197110
197110
197110
197110
192076
197022
197046
191119
195273
196210
197046
191119
198218
190000
194044
190121
195067
195273
197350
197136
196070
198326
191025
198215
194214
190013
197136
190013
197183
197022
197022
198323
197022
197229
192076
198205
197345
197341
198326
197136
191036
192171
195112
195043
195043
198096
195043
195043
198205
198323
195030
191123
190000
190000
190000
196240
196240
191028
192174
199226
194356
194356
192007
198152
194356
197110
197229
193149
197198
192102
197110
194355
198205
197229
191124
192019
191036
190121
192171
190121
195027
197375
196210
196158
198184
197101
191040
193318
198218
198205
190121
192012
191014
194064
194223
194214
194214
192007
192007
192007
191124
190103
197110
197110
196210
197022
198035
197022
197022
191167
193318
190121
192177
197022
197110
197101
190121
195067
195112
198205
198323
196105
195043
195043
195196
198328
198206
198095
198218
191119
198218
193231
193231
193231
197183
195253
190013
199034
193149
195273
197198
192076
195043
192177
197110
197375
195043
197229
191119
197183
197198
197110
197229
198218
198323
197375
199155
192102
192102
197022
198515
194291
191014
194044
194044
196105
198218
194156
196158
196105
195257
195257
197375
197229
194356
194356
190000
190031
197183
197183
194214
191186
197183
190013
197183
195271
198095
194354
197349
194358
194352
197372
190000
192177
195213
192289
192076
192076
192177
192019
196084
199178
191124
191060
191124
191060
194044
198323
199106
198218
198326
190005
198218
192076
198218
198205
197229
198218
198260
191014
197110
197229
198207
197341
192171
192174
195043
194354
195030
198218
194356
198218
194156
193318
190031
197198
199106
196158
197022
192102
197110
190068
191124
190000
198205
197229
195220
190020
197342
197022
196084
194356
192148
196210
195220
195253
198095
192019
198035
191023
197022
190031
192102
197198
198326
191025
199226
191023
191124
197198
197110
196105
197101
197101
195030
195030
195030
195030
195030
195030
195030
195030
195030
197375
197375
197375
197375
197375
197375
197375
196210
196210
196210
196210
196210
196210
196210
196210
196210
196210
196210
196210
196210
196210
196210
196210
196210
196210
196210
196210
196210
196210
196210
198326
198326
198326
198326
198326
198326
198326
198326
198326
198326
191023
192012
192012
192012
192012
192012
192012
192012
192012
192012
192012
192012
192012
192012
192012
192012
192012
196210
196210
196210
196210
196210
196210
197229
197229
197229
193079
193079
193079
193079
193079
193079
193079
193079
193079
193079
193079
198323
198323
198323
198323
198323
198323
198323
195043
195043
195043
195043
195043
195043
195197
198323
198323
198323
198323
198326
198326
198326
198326
198326
198326
198326
198326
198326
198326
198326
198326
198326
198326
198326
198326
198326
198326
198326
198326
198326
198326
196210
196210
199106
199106
197229
198326
198326
198326
198326
198326
198326
198326
198326
198326
198326
198326
198326
198326
198326
198326
198326
198326
198326
198326
198326
198326
197229
197229
197229
191015
191015
197198
198205
192007
199034
195027
197198
197341
197022
194356
191024
197110
192177
190013
198218
196135
199034
199034
198323
198095
190000
194044
191036
195299
198218
190000
191023
197374
192007
195043
198095
199034
197046
197046
190005
198216
196655
198218
198323
191124
197229
197227
190121
198095
198096
199004
195043
191119
190005
194017
192148
191036
195248
199034
199155
198218
198095
198095
195197
195112
195112
197022
194354
198218
195220
192171
192236
192019
198218
195197
195197
197341
199034
199034
194044
195009
199397
194044
190000
191014
191023
191015
197110
195043
194100
191024
197229
191167
195030
198095
194021
198218
191167
197198
192019
190000
195027
198218
191186
193230
190000
195043
197229
196084
198218
192012
190000
191167
191123
191023
191014
190000
197375
195197
194044
197198
194021
195067
191186
198095
199034
192174
195027
196210
192283
197183
198095
199026
199026
198323
192076
194358
198035
193232
196210
194356
194356
190068
191002
197375
198218
198096
195030
194156
198218
194356
197110
197110
197110
197375
197110
197110
192177
197229
197229
195043
190068
197198
191023
191023
190103
196105
194223
195027
190000
190000
196084
191124
194064
197730
197755
196641
197729
197758
196643
197729
197729
198515
196645
197720